,p1,p2,iauc,aauc,n
0,0.15,0.1,0.532452,0.5824,10.0
1,0.15,0.1,0.505904,0.5336,20.0
2,0.15,0.1,0.514515111111,0.546,30.0
3,0.15,0.1,0.483580625,0.4204,40.0
4,0.15,0.1,0.51509264,0.6816,50.0
5,0.15,0.1,0.5265717,0.7108,100.0
6,0.15,0.1,0.521349075556,0.8708,150.0
7,0.15,0.1,0.514838315,0.7288,200.0
8,0.2,0.1,0.50594,0.5736,10.0
9,0.2,0.1,0.543253,0.7368,20.0
10,0.2,0.1,0.549365777778,0.8292,30.0
11,0.2,0.1,0.546329375,0.7628,40.0
12,0.2,0.1,0.52610248,0.6588,50.0
13,0.2,0.1,0.54814232,0.9136,100.0
14,0.2,0.1,0.533949013333,0.8884,150.0
15,0.2,0.1,0.540460235,0.974,200.0
16,0.2,0.15,0.528276,0.576,10.0
17,0.2,0.15,0.50731,0.55,20.0
18,0.2,0.15,0.525275111111,0.6232,30.0
19,0.2,0.15,0.509242,0.5708,40.0
20,0.2,0.15,0.52063712,0.5984,50.0
21,0.2,0.15,0.52882436,0.7808,100.0
22,0.2,0.15,0.514709564444,0.6552,150.0
23,0.2,0.15,0.512938515,0.7348,200.0
24,0.25,0.1,0.565508,0.716,10.0
25,0.25,0.1,0.5542315,0.7932,20.0
26,0.25,0.1,0.564231555556,0.8964,30.0
27,0.25,0.1,0.551075625,0.814,40.0
28,0.25,0.1,0.56583808,0.9632,50.0
29,0.25,0.1,0.56897104,0.9956,100.0
30,0.25,0.1,0.554715208889,0.9844,150.0
31,0.25,0.1,0.55682016,0.9924,200.0
32,0.25,0.15,0.557576,0.66,10.0
33,0.25,0.15,0.5318555,0.6348,20.0
34,0.25,0.15,0.533840888889,0.6696,30.0
35,0.25,0.15,0.532053875,0.7072,40.0
36,0.25,0.15,0.53660944,0.7732,50.0
37,0.25,0.15,0.5337688,0.8168,100.0
38,0.25,0.15,0.538215484444,0.9056,150.0
39,0.25,0.15,0.537560175,0.97,200.0
40,0.3,0.1,0.515876,0.5904,10.0
41,0.3,0.1,0.508119,0.504,20.0
42,0.3,0.1,0.571599333333,0.8944,30.0
43,0.3,0.1,0.568224875,0.8452,40.0
44,0.3,0.1,0.59362056,0.9692,50.0
45,0.3,0.1,0.58774788,0.9892,100.0
46,0.3,0.1,0.584201377778,1.0,150.0
47,0.3,0.1,0.579964285,1.0,200.0
48,0.3,0.15,0.550952,0.6776,10.0
49,0.3,0.15,0.491396,0.4508,20.0
50,0.3,0.15,0.559447111111,0.832,30.0
51,0.3,0.15,0.545622375,0.772,40.0
52,0.3,0.15,0.53133784,0.7814,50.0
53,0.3,0.15,0.56006004,0.9636,100.0
54,0.3,0.15,0.568265688889,0.99,150.0
55,0.3,0.15,0.568085215,0.9988,200.0
56,0.3,0.2,0.463148,0.4364,10.0
57,0.3,0.2,0.4801245,0.3316,20.0
58,0.3,0.2,0.530507555556,0.7208,30.0
59,0.3,0.2,0.543468375,0.8824,40.0
60,0.3,0.2,0.53483816,0.7604,50.0
61,0.3,0.2,0.5406998,0.8608,100.0
62,0.3,0.2,0.532609937778,0.8868,150.0
63,0.3,0.2,0.541169125,0.9228,200.0
64,0.3,0.25,0.535952,0.6116,10.0
65,0.3,0.25,0.472269,0.416,20.0
66,0.3,0.25,0.486154444444,0.4672,30.0
67,0.3,0.25,0.491425375,0.4728,40.0
68,0.3,0.25,0.51286288,0.4768,50.0
69,0.3,0.25,0.5213383,0.6872,100.0
70,0.3,0.25,0.519111084444,0.7348,150.0
71,0.3,0.25,0.512111795,0.7316,200.0
72,0.35,0.1,0.592152,0.7492,10.0
73,0.35,0.1,0.5829415,0.8872,20.0
74,0.35,0.1,0.583612,0.8796,30.0
75,0.35,0.1,0.60509825,0.9676,40.0
76,0.35,0.1,0.59374344,0.9568,50.0
77,0.35,0.1,0.5903844,0.9912,100.0
78,0.35,0.1,0.603832524444,1.0,150.0
79,0.35,0.1,0.60791195,1.0,200.0
80,0.35,0.15,0.584376,0.7268,10.0
81,0.35,0.15,0.580622,0.822,20.0
82,0.35,0.15,0.579664444444,0.9112,30.0
83,0.35,0.15,0.600682875,0.9496,40.0
84,0.35,0.15,0.57014176,0.9144,50.0
85,0.35,0.15,0.57965066,0.9936,100.0
86,0.35,0.15,0.579259084444,0.9872,150.0
87,0.35,0.15,0.58177831,0.9948,200.0
88,0.35,0.2,0.52273,0.5528,10.0
89,0.35,0.2,0.549966,0.7324,20.0
90,0.35,0.2,0.571252222222,0.8688,30.0
91,0.35,0.2,0.579556,0.9184,40.0
92,0.35,0.2,0.5756276,0.9376,50.0
93,0.35,0.2,0.56512584,0.9664,100.0
94,0.35,0.2,0.555510311111,0.9696,150.0
95,0.35,0.2,0.56402052,0.9968,200.0
96,0.35,0.25,0.51912,0.5772,10.0
97,0.35,0.25,0.534865,0.6952,20.0
98,0.35,0.25,0.539851555556,0.6768,30.0
99,0.35,0.25,0.55036025,0.868,40.0
100,0.35,0.25,0.53149048,0.7196,50.0
101,0.35,0.25,0.5257402,0.7396,100.0
102,0.35,0.25,0.549994462222,0.9544,150.0
103,0.35,0.25,0.539610135,0.9224,200.0
104,0.35,0.3,0.47718,0.51,10.0
105,0.35,0.3,0.512565,0.576,20.0
106,0.35,0.3,0.510311555556,0.5756,30.0
107,0.35,0.3,0.51084475,0.5444,40.0
108,0.35,0.3,0.5031248,0.5708,50.0
109,0.35,0.3,0.5,0.5,100.0
110,0.35,0.3,0.522270986667,0.766,150.0
111,0.35,0.3,0.52234355,0.8224,200.0
112,0.4,0.1,0.613692,0.8452,10.0
113,0.4,0.1,0.624614,0.954,20.0
114,0.4,0.1,0.624785111111,0.9856,30.0
115,0.4,0.1,0.629047375,0.9948,40.0
116,0.4,0.1,0.62318376,0.994,50.0
117,0.4,0.1,0.64038572,1.0,100.0
118,0.4,0.1,0.625729564444,1.0,150.0
119,0.4,0.1,0.62326118,1.0,200.0
120,0.4,0.15,0.498242,0.4972,10.0
121,0.4,0.15,0.620428,0.9056,20.0
122,0.4,0.15,0.604953777778,0.906,30.0
123,0.4,0.15,0.593765875,0.9332,40.0
124,0.4,0.15,0.61115608,0.984,50.0
125,0.4,0.15,0.59953936,0.9912,100.0
126,0.4,0.15,0.614952737778,1.0,150.0
127,0.4,0.15,0.60185106,1.0,200.0
128,0.4,0.2,0.463512,0.2866,10.0
129,0.4,0.2,0.568225,0.768,20.0
130,0.4,0.2,0.589319777778,0.912,30.0
131,0.4,0.2,0.582781125,0.8936,40.0
132,0.4,0.2,0.57279112,0.8864,50.0
133,0.4,0.2,0.58533186,0.9716,100.0
134,0.4,0.2,0.581193484444,0.9968,150.0
135,0.4,0.2,0.58084873,0.9964,200.0
136,0.4,0.25,0.552708,0.6672,10.0
137,0.4,0.25,0.5640745,0.7896,20.0
138,0.4,0.25,0.562554,0.7864,30.0
139,0.4,0.25,0.551984875,0.8036,40.0
140,0.4,0.25,0.56226136,0.8464,50.0
141,0.4,0.25,0.5701035,0.9868,100.0
142,0.4,0.25,0.565303804444,0.9876,150.0
143,0.4,0.25,0.5697717,0.99,200.0
144,0.4,0.3,0.491126,0.4788,10.0
145,0.4,0.3,0.5400635,0.6752,20.0
146,0.4,0.3,0.53941,0.6912,30.0
147,0.4,0.3,0.5337355,0.6412,40.0
148,0.4,0.3,0.54994432,0.8412,50.0
149,0.4,0.3,0.54578526,0.89,100.0
150,0.4,0.3,0.533822524444,0.8432,150.0
151,0.4,0.3,0.54011892,0.922,200.0
152,0.45,0.1,0.552056,0.6396,10.0
153,0.45,0.1,0.643634,0.9584,20.0
154,0.45,0.1,0.639721111111,0.9932,30.0
155,0.45,0.1,0.630373125,0.9776,40.0
156,0.45,0.1,0.64878552,0.9948,50.0
157,0.45,0.1,0.64083524,1.0,100.0
158,0.45,0.1,0.646702542222,1.0,150.0
159,0.45,0.1,0.639584245,1.0,200.0
160,0.45,0.15,0.589388,0.7648,10.0
161,0.45,0.15,0.626838,0.906,20.0
162,0.45,0.15,0.622774666667,0.966,30.0
163,0.45,0.15,0.63427175,0.9896,40.0
164,0.45,0.15,0.63223008,0.9964,50.0
165,0.45,0.15,0.6251775,0.9996,100.0
166,0.45,0.15,0.627371031111,1.0,150.0
167,0.45,0.15,0.629212025,1.0,200.0
168,0.45,0.2,0.621692,0.8592,10.0
169,0.45,0.2,0.5898095,0.85,20.0
170,0.45,0.2,0.610808444444,0.8728,30.0
171,0.45,0.2,0.60677825,0.9472,40.0
172,0.45,0.2,0.61483256,0.9856,50.0
173,0.45,0.2,0.60079922,0.996,100.0
174,0.45,0.2,0.608227271111,1.0,150.0
175,0.45,0.2,0.605899225,1.0,200.0
176,0.45,0.25,0.520832,0.584,10.0
177,0.45,0.25,0.574593,0.7788,20.0
178,0.45,0.25,0.566224,0.8292,30.0
179,0.45,0.25,0.594935,0.9396,40.0
180,0.45,0.25,0.58667696,0.9464,50.0
181,0.45,0.25,0.58836698,0.9952,100.0
182,0.45,0.25,0.576211946667,0.9956,150.0
183,0.45,0.25,0.59010845,1.0,200.0
184,0.45,0.3,0.520804,0.5616,10.0
185,0.45,0.3,0.561712,0.7696,20.0
186,0.45,0.3,0.54376,0.7268,30.0
187,0.45,0.3,0.54433225,0.7252,40.0
188,0.45,0.3,0.56212736,0.8796,50.0
189,0.45,0.3,0.5658829,0.9288,100.0
190,0.45,0.3,0.563630844444,0.984,150.0
191,0.45,0.3,0.56381797,0.9876,200.0
192,0.45,0.35,0.502546,0.5016,10.0
193,0.45,0.35,0.510298,0.5708,20.0
194,0.45,0.35,0.528334666667,0.62,30.0
195,0.45,0.35,0.53338125,0.6848,40.0
196,0.45,0.35,0.54336504,0.8128,50.0
197,0.45,0.35,0.54491818,0.8484,100.0
198,0.45,0.35,0.542911404444,0.9276,150.0
199,0.45,0.35,0.54524716,0.9568,200.0
200,0.45,0.4,0.50897,0.4824,10.0
201,0.45,0.4,0.4776945,0.3876,20.0
202,0.45,0.4,0.536866444444,0.6772,30.0
203,0.45,0.4,0.527935125,0.6856,40.0
204,0.45,0.4,0.5189476,0.6212,50.0
205,0.45,0.4,0.52152622,0.722,100.0
206,0.45,0.4,0.524570542222,0.7668,150.0
207,0.45,0.4,0.525738905,0.8248,200.0
208,0.5,0.1,0.349104,0.1952,10.0
209,0.5,0.1,0.641999,0.9628,20.0
210,0.5,0.1,0.653573777778,0.9976,30.0
211,0.5,0.1,0.67032225,0.9984,40.0
212,0.5,0.1,0.67024832,1.0,50.0
213,0.5,0.1,0.67091832,1.0,100.0
214,0.5,0.1,0.664014417778,1.0,150.0
215,0.5,0.1,0.667500045,1.0,200.0
216,0.5,0.15,0.634468,0.884,10.0
217,0.5,0.15,0.614078,0.9024,20.0
218,0.5,0.15,0.627189111111,0.962,30.0
219,0.5,0.15,0.643308375,0.9924,40.0
220,0.5,0.15,0.6372968,0.9988,50.0
221,0.5,0.15,0.63313186,1.0,100.0
222,0.5,0.15,0.640372951111,1.0,150.0
223,0.5,0.15,0.645267165,1.0,200.0
224,0.5,0.2,0.598432,0.766,10.0
225,0.5,0.2,0.6232935,0.916,20.0
226,0.5,0.2,0.623870444444,0.958,30.0
227,0.5,0.2,0.4987455,0.4832,40.0
228,0.5,0.2,0.61467232,0.9684,50.0
229,0.5,0.2,0.62921842,1.0,100.0
230,0.5,0.2,0.622134595556,1.0,150.0
231,0.5,0.2,0.628103175,1.0,200.0
232,0.5,0.25,0.607368,0.8,10.0
233,0.5,0.25,0.60927,0.8792,20.0
234,0.5,0.25,0.607366444444,0.9516,30.0
235,0.5,0.25,0.585645125,0.8704,40.0
236,0.5,0.25,0.59160232,0.9484,50.0
237,0.5,0.25,0.60482168,0.9952,100.0
238,0.5,0.25,0.609201822222,1.0,150.0
239,0.5,0.25,0.60612792,1.0,200.0
240,0.5,0.3,0.560728,0.6232,10.0
241,0.5,0.3,0.571233,0.8072,20.0
242,0.5,0.3,0.582421555556,0.85,30.0
243,0.5,0.3,0.565144375,0.8648,40.0
244,0.5,0.3,0.57361872,0.8916,50.0
245,0.5,0.3,0.58097314,0.9632,100.0
246,0.5,0.3,0.585672248889,0.9988,150.0
247,0.5,0.3,0.59155467,0.9976,200.0
248,0.5,0.35,0.485882,0.412,10.0
249,0.5,0.35,0.5232645,0.5924,20.0
250,0.5,0.35,0.567629333333,0.8664,30.0
251,0.5,0.35,0.55293325,0.7968,40.0
252,0.5,0.35,0.56051144,0.8572,50.0
253,0.5,0.35,0.56337128,0.96,100.0
254,0.5,0.35,0.564478391111,0.9816,150.0
255,0.5,0.35,0.56556922,0.9892,200.0
256,0.5,0.4,0.542616,0.6568,10.0
257,0.5,0.4,0.536761,0.6764,20.0
258,0.5,0.4,0.543422666667,0.7076,30.0
259,0.5,0.4,0.542731,0.748,40.0
260,0.5,0.4,0.53979648,0.7284,50.0
261,0.5,0.4,0.54994992,0.8892,100.0
262,0.5,0.4,0.54880104,0.9292,150.0
263,0.5,0.4,0.535416215,0.8908,200.0
264,0.55,0.1,0.64464,0.9232,10.0
265,0.55,0.1,0.690055,0.9844,20.0
266,0.55,0.1,0.678100444444,0.9984,30.0
267,0.55,0.1,0.69390675,1.0,40.0
268,0.55,0.1,0.67737,1.0,50.0
269,0.55,0.1,0.6877148,1.0,100.0
270,0.55,0.1,0.689174648889,1.0,150.0
271,0.55,0.1,0.69356047,1.0,200.0
272,0.55,0.15,0.613274,0.8264,10.0
273,0.55,0.15,0.6656345,0.9708,20.0
274,0.55,0.15,0.654436444444,0.9964,30.0
275,0.55,0.15,0.65922375,0.9988,40.0
276,0.55,0.15,0.67588224,1.0,50.0
277,0.55,0.15,0.66317934,1.0,100.0
278,0.55,0.15,0.667116008889,1.0,150.0
279,0.55,0.15,0.667126155,1.0,200.0
280,0.55,0.2,0.496992,0.4692,10.0
281,0.55,0.2,0.6332755,0.9148,20.0
282,0.55,0.2,0.659428,0.9868,30.0
283,0.55,0.2,0.637913,0.984,40.0
284,0.55,0.2,0.63609584,0.9916,50.0
285,0.55,0.2,0.651903,1.0,100.0
286,0.55,0.2,0.645753875556,1.0,150.0
287,0.55,0.2,0.642208875,1.0,200.0
288,0.55,0.25,0.590508,0.7552,10.0
289,0.55,0.25,0.6139505,0.9348,20.0
290,0.55,0.25,0.644856222222,0.9784,30.0
291,0.55,0.25,0.621787375,0.9664,40.0
292,0.55,0.25,0.61253568,0.974,50.0
293,0.55,0.25,0.61800786,1.0,100.0
294,0.55,0.25,0.6268048,1.0,150.0
295,0.55,0.25,0.63136057,1.0,200.0
296,0.55,0.3,0.591704,0.8148,10.0
297,0.55,0.3,0.6138195,0.9028,20.0
298,0.55,0.3,0.590685333333,0.8692,30.0
299,0.55,0.3,0.580436875,0.862,40.0
300,0.55,0.3,0.60818632,0.9708,50.0
301,0.55,0.3,0.6116811,0.9988,100.0
302,0.55,0.3,0.608538515556,1.0,150.0
303,0.55,0.3,0.60236456,1.0,200.0
304,0.55,0.35,0.553686,0.6732,10.0
305,0.55,0.35,0.600834,0.8956,20.0
306,0.55,0.35,0.595489333333,0.8952,30.0
307,0.55,0.35,0.57269525,0.8972,40.0
308,0.55,0.35,0.57304424,0.8984,50.0
309,0.55,0.35,0.58509782,0.974,100.0
310,0.55,0.35,0.577749066667,0.9964,150.0
311,0.55,0.35,0.584097965,1.0,200.0
312,0.55,0.4,0.564044,0.6636,10.0
313,0.55,0.4,0.535293,0.6288,20.0
314,0.55,0.4,0.549349111111,0.7216,30.0
315,0.55,0.4,0.554799375,0.83,40.0
316,0.55,0.4,0.55514416,0.8308,50.0
317,0.55,0.4,0.56531402,0.93,100.0
318,0.55,0.4,0.561835564444,0.9728,150.0
319,0.55,0.4,0.573199775,0.9976,200.0
320,0.55,0.45,0.51504,0.5636,10.0
321,0.55,0.45,0.51579,0.6016,20.0
322,0.55,0.45,0.542861555556,0.6892,30.0
323,0.55,0.45,0.525449375,0.6288,40.0
324,0.55,0.45,0.49979536,0.492,50.0
325,0.55,0.45,0.53374596,0.7836,100.0
326,0.55,0.45,0.541873128889,0.8904,150.0
327,0.55,0.45,0.534357705,0.8884,200.0
328,0.6,0.1,0.664488,0.8948,10.0
329,0.6,0.1,0.712684,0.9944,20.0
330,0.6,0.1,0.706910222222,0.9988,30.0
331,0.6,0.1,0.7225905,1.0,40.0
332,0.6,0.1,0.70007456,0.9996,50.0
333,0.6,0.1,0.718904,1.0,100.0
334,0.6,0.1,0.708546808889,1.0,150.0
335,0.6,0.1,0.71061241,1.0,200.0
336,0.6,0.15,0.513066,0.5648,10.0
337,0.6,0.15,0.68709,0.9888,20.0
338,0.6,0.15,0.689661777778,0.9908,30.0
339,0.6,0.15,0.689354375,1.0,40.0
340,0.6,0.15,0.68490344,1.0,50.0
341,0.6,0.15,0.69029118,1.0,100.0
342,0.6,0.15,0.688408417778,1.0,150.0
343,0.6,0.15,0.68782684,1.0,200.0
344,0.6,0.2,0.649336,0.8696,10.0
345,0.6,0.2,0.606299,0.8484,20.0
346,0.6,0.2,0.648968666667,0.9872,30.0
347,0.6,0.2,0.665888875,0.9856,40.0
348,0.6,0.2,0.67302712,1.0,50.0
349,0.6,0.2,0.66686,1.0,100.0
350,0.6,0.2,0.669411395556,1.0,150.0
351,0.6,0.2,0.666285635,1.0,200.0
352,0.6,0.25,0.62412,0.8612,10.0
353,0.6,0.25,0.622107,0.9108,20.0
354,0.6,0.25,0.647079555556,0.9716,30.0
355,0.6,0.25,0.6258635,0.9772,40.0
356,0.6,0.25,0.64100008,0.9912,50.0
357,0.6,0.25,0.64544732,1.0,100.0
358,0.6,0.25,0.643598364444,1.0,150.0
359,0.6,0.25,0.646434175,1.0,200.0
360,0.6,0.3,0.594988,0.7836,10.0
361,0.6,0.3,0.618226,0.9076,20.0
362,0.6,0.3,0.620213777778,0.9588,30.0
363,0.6,0.3,0.61099475,0.9488,40.0
364,0.6,0.3,0.5,0.5,50.0
365,0.6,0.3,0.632506,1.0,100.0
366,0.6,0.3,0.618871875556,0.9996,150.0
367,0.6,0.3,0.626131355,1.0,200.0
368,0.6,0.35,0.542156,0.654,10.0
369,0.6,0.35,0.608037,0.8644,20.0
370,0.6,0.35,0.602015555556,0.9404,30.0
371,0.6,0.35,0.61213725,0.9712,40.0
372,0.6,0.35,0.6034332,0.954,50.0
373,0.6,0.35,0.5939223,0.9928,100.0
374,0.6,0.35,0.596759804444,0.998,150.0
375,0.6,0.35,0.60372364,1.0,200.0
376,0.6,0.4,0.509728,0.5172,10.0
377,0.6,0.4,0.588759,0.8228,20.0
378,0.6,0.4,0.585644888889,0.8748,30.0
379,0.6,0.4,0.565111375,0.8316,40.0
380,0.6,0.4,0.582118,0.93,50.0
381,0.6,0.4,0.58382704,0.9884,100.0
382,0.6,0.4,0.589633395556,0.9984,150.0
383,0.6,0.4,0.587813065,0.9992,200.0
384,0.6,0.45,0.511852,0.5412,10.0
385,0.6,0.45,0.553582,0.7144,20.0
386,0.6,0.45,0.563666444444,0.7552,30.0
387,0.6,0.45,0.54973075,0.7784,40.0
388,0.6,0.45,0.57522792,0.884,50.0
389,0.6,0.45,0.57058946,0.934,100.0
390,0.6,0.45,0.560056497778,0.9616,150.0
391,0.6,0.45,0.55728812,0.986,200.0
392,0.6,0.5,0.542066,0.6112,10.0
393,0.6,0.5,0.483756,0.4596,20.0
394,0.6,0.5,0.54888,0.7248,30.0
395,0.6,0.5,0.5271675,0.6492,40.0
396,0.6,0.5,0.54685768,0.7912,50.0
397,0.6,0.5,0.52782812,0.7084,100.0
398,0.6,0.5,0.537816364444,0.8488,150.0
399,0.6,0.5,0.54668408,0.9296,200.0
400,0.65,0.1,0.630042,0.8744,10.0
401,0.65,0.1,0.722381,1.0,20.0
402,0.65,0.1,0.721750888889,1.0,30.0
403,0.65,0.1,0.73454,1.0,40.0
404,0.65,0.1,0.73963696,1.0,50.0
405,0.65,0.1,0.7269035,1.0,100.0
406,0.65,0.1,0.728788444444,1.0,150.0
407,0.65,0.1,0.731091575,1.0,200.0
408,0.65,0.15,0.66384,0.9296,10.0
409,0.65,0.15,0.68755,0.9888,20.0
410,0.65,0.15,0.708186888889,1.0,30.0
411,0.65,0.15,0.69023225,0.9988,40.0
412,0.65,0.15,0.69390816,1.0,50.0
413,0.65,0.15,0.71306224,1.0,100.0
414,0.65,0.15,0.720283271111,1.0,150.0
415,0.65,0.15,0.709246065,1.0,200.0
416,0.65,0.2,0.66474,0.9124,10.0
417,0.65,0.2,0.700939,0.9892,20.0
418,0.65,0.2,0.690253333333,0.9984,30.0
419,0.65,0.2,0.676095375,0.9952,40.0
420,0.65,0.2,0.68428392,0.9988,50.0
421,0.65,0.2,0.69133986,1.0,100.0
422,0.65,0.2,0.695244604444,1.0,150.0
423,0.65,0.2,0.69591623,1.0,200.0
424,0.65,0.25,0.650992,0.8356,10.0
425,0.65,0.25,0.643826,0.9508,20.0
426,0.65,0.25,0.667024222222,0.9816,30.0
427,0.65,0.25,0.644533375,0.9848,40.0
428,0.65,0.25,0.67002656,0.9984,50.0
429,0.65,0.25,0.6649722,1.0,100.0
430,0.65,0.25,0.668854666667,1.0,150.0
431,0.65,0.25,0.656323385,1.0,200.0
432,0.65,0.3,0.531716,0.542,10.0
433,0.65,0.3,0.625746,0.9172,20.0
434,0.65,0.3,0.519675555556,0.6688,30.0
435,0.65,0.3,0.49900075,0.4612,40.0
436,0.65,0.3,0.64677352,0.9988,50.0
437,0.65,0.3,0.63317378,1.0,100.0
438,0.65,0.3,0.646644293333,1.0,150.0
439,0.65,0.3,0.65107747,1.0,200.0
440,0.65,0.35,0.53697,0.6806,10.0
441,0.65,0.35,0.621751,0.9216,20.0
442,0.65,0.35,0.626754222222,0.9416,30.0
443,0.65,0.35,0.631636,0.9768,40.0
444,0.65,0.35,0.61374752,0.9808,50.0
445,0.65,0.35,0.63365484,1.0,100.0
446,0.65,0.35,0.623664853333,1.0,150.0
447,0.65,0.35,0.625966185,1.0,200.0
448,0.65,0.4,0.5843,0.7624,10.0
449,0.65,0.4,0.5938305,0.8236,20.0
450,0.65,0.4,0.600888222222,0.904,30.0
451,0.65,0.4,0.595329875,0.9324,40.0
452,0.65,0.4,0.58520744,0.9536,50.0
453,0.65,0.4,0.60053604,0.9868,100.0
454,0.65,0.4,0.604850337778,1.0,150.0
455,0.65,0.4,0.610521155,0.9996,200.0
456,0.65,0.45,0.583064,0.7296,10.0
457,0.65,0.45,0.5743775,0.7308,20.0
458,0.65,0.45,0.580303777778,0.807,30.0
459,0.65,0.45,0.57483675,0.8496,40.0
460,0.65,0.45,0.5780572,0.8888,50.0
461,0.65,0.45,0.58575352,0.9808,100.0
462,0.65,0.45,0.587144408889,0.996,150.0
463,0.65,0.45,0.58567324,1.0,200.0
464,0.65,0.5,0.555816,0.6424,10.0
465,0.65,0.5,0.578245,0.8044,20.0
466,0.65,0.5,0.541399333333,0.7308,30.0
467,0.65,0.5,0.564466125,0.8592,40.0
468,0.65,0.5,0.54738896,0.7588,50.0
469,0.65,0.5,0.55797094,0.9488,100.0
470,0.65,0.5,0.56376496,0.974,150.0
471,0.65,0.5,0.563990685,0.9876,200.0
472,0.65,0.55,0.508932,0.5244,10.0
473,0.65,0.55,0.502847,0.6172,20.0
474,0.65,0.55,0.536266888889,0.7096,30.0
475,0.65,0.55,0.532674,0.6852,40.0
476,0.65,0.55,0.54800952,0.7964,50.0
477,0.65,0.55,0.53616314,0.78,100.0
478,0.65,0.55,0.542814764444,0.8612,150.0
479,0.65,0.55,0.53665106,0.9188,200.0
480,0.7,0.1,0.715002,0.962,10.0
481,0.7,0.1,0.7424445,0.998,20.0
482,0.7,0.1,0.746492666667,1.0,30.0
483,0.7,0.1,0.74513675,1.0,40.0
484,0.7,0.1,0.74662392,1.0,50.0
485,0.7,0.1,0.75295922,1.0,100.0
486,0.7,0.1,0.750798844444,1.0,150.0
487,0.7,0.1,0.7556825,1.0,200.0
488,0.7,0.15,0.70293,0.9608,10.0
489,0.7,0.15,0.7218755,0.9812,20.0
490,0.7,0.15,0.731110888889,1.0,30.0
491,0.7,0.15,0.73009675,1.0,40.0
492,0.7,0.15,0.72106272,1.0,50.0
493,0.7,0.15,0.7352587,1.0,100.0
494,0.7,0.15,0.728274728889,1.0,150.0
495,0.7,0.15,0.73890119,1.0,200.0
496,0.7,0.2,0.68763,0.9396,10.0
497,0.7,0.2,0.690406,0.9868,20.0
498,0.7,0.2,0.690281777778,0.9968,30.0
499,0.7,0.2,0.69521825,1.0,40.0
500,0.7,0.2,0.70194968,1.0,50.0
501,0.7,0.2,0.71220388,1.0,100.0
502,0.7,0.2,0.712227315556,1.0,150.0
503,0.7,0.2,0.709015165,1.0,200.0
504,0.7,0.25,0.552058,0.5916,10.0
505,0.7,0.25,0.687546,0.9916,20.0
506,0.7,0.25,0.678184666667,0.9924,30.0
507,0.7,0.25,0.660124875,0.9952,40.0
508,0.7,0.25,0.681208,1.0,50.0
509,0.7,0.25,0.69055504,1.0,100.0
510,0.7,0.25,0.691474195556,1.0,150.0
511,0.7,0.25,0.689451235,1.0,200.0
512,0.7,0.3,0.671444,0.9148,10.0
513,0.7,0.3,0.651935,0.94,20.0
514,0.7,0.3,0.663393777778,0.988,30.0
515,0.7,0.3,0.6584755,0.9972,40.0
516,0.7,0.3,0.67777832,1.0,50.0
517,0.7,0.3,0.66203382,1.0,100.0
518,0.7,0.3,0.665062444444,1.0,150.0
519,0.7,0.3,0.668934705,1.0,200.0
520,0.7,0.35,0.618072,0.84,10.0
521,0.7,0.35,0.60873,0.908,20.0
522,0.7,0.35,0.647459111111,0.9812,30.0
523,0.7,0.35,0.64638175,0.9924,40.0
524,0.7,0.35,0.65545792,0.9988,50.0
525,0.7,0.35,0.65925372,1.0,100.0
526,0.7,0.35,0.646960586667,1.0,150.0
527,0.7,0.35,0.647500075,1.0,200.0
528,0.7,0.4,0.494992,0.4492,10.0
529,0.7,0.4,0.6469995,0.9268,20.0
530,0.7,0.4,0.623791111111,0.9252,30.0
531,0.7,0.4,0.628819125,0.9844,40.0
532,0.7,0.4,0.63373656,0.9916,50.0
533,0.7,0.4,0.622627,1.0,100.0
534,0.7,0.4,0.617656035556,1.0,150.0
535,0.7,0.4,0.62068194,1.0,200.0
536,0.7,0.45,0.576014,0.6648,10.0
537,0.7,0.45,0.597774,0.8776,20.0
538,0.7,0.45,0.499666666667,0.49,30.0
539,0.7,0.45,0.6077805,0.9536,40.0
540,0.7,0.45,0.60608016,0.9752,50.0
541,0.7,0.45,0.5927208,0.9884,100.0
542,0.7,0.45,0.603448355556,0.998,150.0
543,0.7,0.45,0.59472492,1.0,200.0
544,0.7,0.5,0.583452,0.6948,10.0
545,0.7,0.5,0.57976,0.8404,20.0
546,0.7,0.5,0.580405111111,0.8736,30.0
547,0.7,0.5,0.568697,0.8384,40.0
548,0.7,0.5,0.57856544,0.9068,50.0
549,0.7,0.5,0.58180926,0.9676,100.0
550,0.7,0.5,0.581033226667,0.9904,150.0
551,0.7,0.5,0.57891641,0.9936,200.0
552,0.7,0.55,0.543322,0.6588,10.0
553,0.7,0.55,0.560426,0.7432,20.0
554,0.7,0.55,0.557710444444,0.7584,30.0
555,0.7,0.55,0.5540355,0.8568,40.0
556,0.7,0.55,0.5482112,0.7852,50.0
557,0.7,0.55,0.5648102,0.9636,100.0
558,0.7,0.55,0.558257884444,0.948,150.0
559,0.7,0.55,0.56130379,0.9904,200.0
560,0.7,0.6,0.478068,0.4816,10.0
561,0.7,0.6,0.5389035,0.6276,20.0
562,0.7,0.6,0.522891777778,0.694,30.0
563,0.7,0.6,0.523806,0.6596,40.0
564,0.7,0.6,0.53507816,0.702,50.0
565,0.7,0.6,0.51522604,0.692,100.0
566,0.7,0.6,0.543198417778,0.9044,150.0
567,0.7,0.6,0.545012365,0.9384,200.0
568,0.75,0.1,0.782354,0.9928,10.0
569,0.75,0.1,0.7567285,1.0,20.0
570,0.75,0.1,0.766973555556,1.0,30.0
571,0.75,0.1,0.7515805,1.0,40.0
572,0.75,0.1,0.76120544,1.0,50.0
573,0.75,0.1,0.78063996,1.0,100.0
574,0.75,0.1,0.5,0.5,150.0
575,0.75,0.1,0.7744883,1.0,200.0
576,0.75,0.15,0.59393,0.7408,10.0
577,0.75,0.15,0.7503665,1.0,20.0
578,0.75,0.15,0.746279555556,0.9996,30.0
579,0.75,0.15,0.753849,1.0,40.0
580,0.75,0.15,0.7573528,1.0,50.0
581,0.75,0.15,0.75656796,1.0,100.0
582,0.75,0.15,0.750804026667,1.0,150.0
583,0.75,0.15,0.74995141,1.0,200.0
584,0.75,0.2,0.702272,0.9644,10.0
585,0.75,0.2,0.733726,0.9984,20.0
586,0.75,0.2,0.727243111111,0.996,30.0
587,0.75,0.2,0.734947,1.0,40.0
588,0.75,0.2,0.72512848,1.0,50.0
589,0.75,0.2,0.72718916,1.0,100.0
590,0.75,0.2,0.72994944,1.0,150.0
591,0.75,0.2,0.72635368,1.0,200.0
592,0.75,0.25,0.522226,0.7124,10.0
593,0.75,0.25,0.7138105,0.998,20.0
594,0.75,0.25,0.711690666667,1.0,30.0
595,0.75,0.25,0.705338125,1.0,40.0
596,0.75,0.25,0.71897264,1.0,50.0
597,0.75,0.25,0.71122602,1.0,100.0
598,0.75,0.25,0.713843075556,1.0,150.0
599,0.75,0.25,0.703468585,1.0,200.0
600,0.75,0.3,0.696132,0.946,10.0
601,0.75,0.3,0.6497935,0.952,20.0
602,0.75,0.3,0.686209333333,0.9944,30.0
603,0.75,0.3,0.675413375,0.9984,40.0
604,0.75,0.3,0.69448736,1.0,50.0
605,0.75,0.3,0.69120108,1.0,100.0
606,0.75,0.3,0.68370712,1.0,150.0
607,0.75,0.3,0.69102331,1.0,200.0
608,0.75,0.35,0.59222,0.7604,10.0
609,0.75,0.35,0.65665,0.9524,20.0
610,0.75,0.35,0.674682222222,0.964,30.0
611,0.75,0.35,0.675346,1.0,40.0
612,0.75,0.35,0.67332272,0.9988,50.0
613,0.75,0.35,0.67826856,1.0,100.0
614,0.75,0.35,0.672599608889,1.0,150.0
615,0.75,0.35,0.668642425,1.0,200.0
616,0.75,0.4,0.621376,0.8112,10.0
617,0.75,0.4,0.6490445,0.9408,20.0
618,0.75,0.4,0.628094222222,0.944,30.0
619,0.75,0.4,0.627411,0.978,40.0
620,0.75,0.4,0.630486,0.9972,50.0
621,0.75,0.4,0.65273356,1.0,100.0
622,0.75,0.4,0.640320853333,1.0,150.0
623,0.75,0.4,0.65206996,1.0,200.0
624,0.75,0.45,0.630064,0.8408,10.0
625,0.75,0.45,0.582053,0.7312,20.0
626,0.75,0.45,0.622549777778,0.9508,30.0
627,0.75,0.45,0.61116925,0.9484,40.0
628,0.75,0.45,0.63107048,0.9924,50.0
629,0.75,0.45,0.6211298,0.998,100.0
630,0.75,0.45,0.615972408889,1.0,150.0
631,0.75,0.45,0.6191606,1.0,200.0
632,0.75,0.5,0.5944,0.7836,10.0
633,0.75,0.5,0.525049,0.6252,20.0
634,0.75,0.5,0.575648444444,0.85,30.0
635,0.75,0.5,0.5944575,0.9364,40.0
636,0.75,0.5,0.59155544,0.9376,50.0
637,0.75,0.5,0.60352526,0.9968,100.0
638,0.75,0.5,0.604827466667,1.0,150.0
639,0.75,0.5,0.61353654,1.0,200.0
640,0.75,0.55,0.581786,0.7384,10.0
641,0.75,0.55,0.55453,0.6764,20.0
642,0.75,0.55,0.578064888889,0.8516,30.0
643,0.75,0.55,0.581641625,0.892,40.0
644,0.75,0.55,0.58853752,0.9368,50.0
645,0.75,0.55,0.58125354,0.9712,100.0
646,0.75,0.55,0.591616213333,1.0,150.0
647,0.75,0.55,0.581655685,0.9996,200.0
648,0.75,0.6,0.565196,0.69,10.0
649,0.75,0.6,0.5142615,0.5716,20.0
650,0.75,0.6,0.554271555556,0.7692,30.0
651,0.75,0.6,0.53968525,0.7092,40.0
652,0.75,0.6,0.5339052,0.7892,50.0
653,0.75,0.6,0.55484294,0.8976,100.0
654,0.75,0.6,0.55633656,0.9776,150.0
655,0.75,0.6,0.56216575,0.9908,200.0
656,0.75,0.65,0.4997,0.4424,10.0
657,0.75,0.65,0.4550905,0.3304,20.0
658,0.75,0.65,0.538699111111,0.756,30.0
659,0.75,0.65,0.539526125,0.7508,40.0
660,0.75,0.65,0.53471512,0.8004,50.0
661,0.75,0.65,0.5423598,0.8428,100.0
662,0.75,0.65,0.539159457778,0.8132,150.0
663,0.75,0.65,0.54742643,0.956,200.0
664,0.8,0.1,0.779288,0.9804,10.0
665,0.8,0.1,0.7671165,0.9992,20.0
666,0.8,0.1,0.781207111111,1.0,30.0
667,0.8,0.1,0.800573125,1.0,40.0
668,0.8,0.1,0.78847608,1.0,50.0
669,0.8,0.1,0.79164092,1.0,100.0
670,0.8,0.1,0.791396,1.0,150.0
671,0.8,0.1,0.79035629,1.0,200.0
672,0.8,0.15,0.72762,0.9808,10.0
673,0.8,0.15,0.749818,1.0,20.0
674,0.8,0.15,0.764914666667,0.9996,30.0
675,0.8,0.15,0.78081575,1.0,40.0
676,0.8,0.15,0.75891896,1.0,50.0
677,0.8,0.15,0.77556422,1.0,100.0
678,0.8,0.15,0.768769084444,1.0,150.0
679,0.8,0.15,0.76719331,1.0,200.0
680,0.8,0.2,0.724028,0.962,10.0
681,0.8,0.2,0.7405515,0.9992,20.0
682,0.8,0.2,0.671000888889,0.986,30.0
683,0.8,0.2,0.7386195,1.0,40.0
684,0.8,0.2,0.75034832,1.0,50.0
685,0.8,0.2,0.7429549,1.0,100.0
686,0.8,0.2,0.7521772,1.0,150.0
687,0.8,0.2,0.752628255,1.0,200.0
688,0.8,0.25,0.335572,0.3016,10.0
689,0.8,0.25,0.7249155,0.9988,20.0
690,0.8,0.25,0.723664,0.9996,30.0
691,0.8,0.25,0.704571375,0.9992,40.0
692,0.8,0.25,0.71973512,1.0,50.0
693,0.8,0.25,0.73561738,1.0,100.0
694,0.8,0.25,0.731788124444,1.0,150.0
695,0.8,0.25,0.731925725,1.0,200.0
696,0.8,0.3,0.691628,0.9512,10.0
697,0.8,0.3,0.708226,0.9768,20.0
698,0.8,0.3,0.700201333333,0.9992,30.0
699,0.8,0.3,0.693597,1.0,40.0
700,0.8,0.3,0.71484064,1.0,50.0
701,0.8,0.3,0.70687862,1.0,100.0
702,0.8,0.3,0.711103457778,1.0,150.0
703,0.8,0.3,0.707250865,1.0,200.0
704,0.8,0.35,0.702312,0.9468,10.0
705,0.8,0.35,0.713753,0.9876,20.0
706,0.8,0.35,0.675576888889,0.998,30.0
707,0.8,0.35,0.666116375,0.992,40.0
708,0.8,0.35,0.69038104,1.0,50.0
709,0.8,0.35,0.68101478,1.0,100.0
710,0.8,0.35,0.679754746667,1.0,150.0
711,0.8,0.35,0.68941985,1.0,200.0
712,0.8,0.4,0.616544,0.8096,10.0
713,0.8,0.4,0.666792,0.972,20.0
714,0.8,0.4,0.659619555556,0.9896,30.0
715,0.8,0.4,0.66423175,0.9992,40.0
716,0.8,0.4,0.6627048,0.9996,50.0
717,0.8,0.4,0.66823588,1.0,100.0
718,0.8,0.4,0.661150835556,1.0,150.0
719,0.8,0.4,0.66565088,1.0,200.0
720,0.8,0.45,0.64799,0.888,10.0
721,0.8,0.45,0.641993,0.9388,20.0
722,0.8,0.45,0.636660666667,0.958,30.0
723,0.8,0.45,0.64495175,0.9948,40.0
724,0.8,0.45,0.64120496,0.994,50.0
725,0.8,0.45,0.64579512,1.0,100.0
726,0.8,0.45,0.639015022222,1.0,150.0
727,0.8,0.45,0.648282315,1.0,200.0
728,0.8,0.5,0.634376,0.8736,10.0
729,0.8,0.5,0.623138,0.9284,20.0
730,0.8,0.5,0.632754888889,0.9588,30.0
731,0.8,0.5,0.61664375,0.9776,40.0
732,0.8,0.5,0.6089868,0.9968,50.0
733,0.8,0.5,0.62327522,1.0,100.0
734,0.8,0.5,0.617597688889,1.0,150.0
735,0.8,0.5,0.62558844,1.0,200.0
736,0.8,0.55,0.591348,0.7604,10.0
737,0.8,0.55,0.580038,0.772,20.0
738,0.8,0.55,0.499683777778,0.478,30.0
739,0.8,0.55,0.59689475,0.9436,40.0
740,0.8,0.55,0.60821216,0.974,50.0
741,0.8,0.55,0.5931592,0.998,100.0
742,0.8,0.55,0.601448204444,1.0,150.0
743,0.8,0.55,0.60366489,1.0,200.0
744,0.8,0.6,0.566816,0.664,10.0
745,0.8,0.6,0.5509185,0.6856,20.0
746,0.8,0.6,0.581731111111,0.8872,30.0
747,0.8,0.6,0.53819825,0.7652,40.0
748,0.8,0.6,0.56539728,0.8988,50.0
749,0.8,0.6,0.58552814,0.9932,100.0
750,0.8,0.6,0.579276195556,0.9996,150.0
751,0.8,0.6,0.5833211,0.9972,200.0
752,0.8,0.65,0.528042,0.594,10.0
753,0.8,0.65,0.5544505,0.7028,20.0
754,0.8,0.65,0.533640222222,0.804,30.0
755,0.8,0.65,0.565616125,0.8364,40.0
756,0.8,0.65,0.56019912,0.8512,50.0
757,0.8,0.65,0.56122424,0.9292,100.0
758,0.8,0.65,0.559621608889,0.9776,150.0
759,0.8,0.65,0.56023587,0.9896,200.0
760,0.8,0.7,0.531838,0.6056,10.0
761,0.8,0.7,0.526847,0.6324,20.0
762,0.8,0.7,0.548327555556,0.7084,30.0
763,0.8,0.7,0.54502075,0.7308,40.0
764,0.8,0.7,0.540448,0.7708,50.0
765,0.8,0.7,0.53200794,0.8564,100.0
766,0.8,0.7,0.554972755556,0.9468,150.0
767,0.8,0.7,0.54199195,0.934,200.0
768,0.85,0.1,0.775538,0.9924,10.0
769,0.85,0.1,0.8089735,1.0,20.0
770,0.85,0.1,0.717717111111,1.0,30.0
771,0.85,0.1,0.797408375,1.0,40.0
772,0.85,0.1,0.8036368,1.0,50.0
773,0.85,0.1,0.8152175,1.0,100.0
774,0.85,0.1,0.815635991111,1.0,150.0
775,0.85,0.1,0.81190288,1.0,200.0
776,0.85,0.15,0.797832,0.9964,10.0
777,0.85,0.15,0.780678,1.0,20.0
778,0.85,0.15,0.776960444444,1.0,30.0
779,0.85,0.15,0.5,0.5,40.0
780,0.85,0.15,0.80131248,1.0,50.0
781,0.85,0.15,0.79253802,1.0,100.0
782,0.85,0.15,0.794315564444,1.0,150.0
783,0.85,0.15,0.792270215,1.0,200.0
784,0.85,0.2,0.745336,0.9824,10.0
785,0.85,0.2,0.782276,1.0,20.0
786,0.85,0.2,0.382139555556,0.0236,30.0
787,0.85,0.2,0.76390175,1.0,40.0
788,0.85,0.2,0.76769568,1.0,50.0
789,0.85,0.2,0.7778073,1.0,100.0
790,0.85,0.2,0.7740268,1.0,150.0
791,0.85,0.2,0.77066418,1.0,200.0
792,0.85,0.25,0.733892,0.9752,10.0
793,0.85,0.25,0.725591,0.9956,20.0
794,0.85,0.25,0.722189555556,0.998,30.0
795,0.85,0.25,0.74838475,1.0,40.0
796,0.85,0.25,0.74016008,1.0,50.0
797,0.85,0.25,0.75147124,1.0,100.0
798,0.85,0.25,0.757870417778,1.0,150.0
799,0.85,0.25,0.756698895,1.0,200.0
800,0.85,0.3,0.701232,0.9496,10.0
801,0.85,0.3,0.746927,0.996,20.0
802,0.85,0.3,0.706337333333,1.0,30.0
803,0.85,0.3,0.734787375,1.0,40.0
804,0.85,0.3,0.7225612,1.0,50.0
805,0.85,0.3,0.73113528,1.0,100.0
806,0.85,0.3,0.727005182222,1.0,150.0
807,0.85,0.3,0.730370905,1.0,200.0
808,0.85,0.35,0.682096,0.8688,10.0
809,0.85,0.35,0.679031,0.9928,20.0
810,0.85,0.35,0.705753777778,0.9988,30.0
811,0.85,0.35,0.7098045,1.0,40.0
812,0.85,0.35,0.6956276,1.0,50.0
813,0.85,0.35,0.71126362,1.0,100.0
814,0.85,0.35,0.710806382222,1.0,150.0
815,0.85,0.35,0.713214675,1.0,200.0
816,0.85,0.4,0.65567,0.9,10.0
817,0.85,0.4,0.693753,0.9892,20.0
818,0.85,0.4,0.675191111111,0.9904,30.0
819,0.85,0.4,0.68109425,1.0,40.0
820,0.85,0.4,0.69407288,1.0,50.0
821,0.85,0.4,0.69063412,1.0,100.0
822,0.85,0.4,0.701541991111,1.0,150.0
823,0.85,0.4,0.691971145,1.0,200.0
824,0.85,0.45,0.660382,0.932,10.0
825,0.85,0.45,0.6447445,0.9488,20.0
826,0.85,0.45,0.667224888889,0.9928,30.0
827,0.85,0.45,0.65598575,0.98,40.0
828,0.85,0.45,0.66947408,1.0,50.0
829,0.85,0.45,0.6635484,1.0,100.0
830,0.85,0.45,0.671914284444,1.0,150.0
831,0.85,0.45,0.66537597,1.0,200.0
832,0.85,0.5,0.597568,0.7512,10.0
833,0.85,0.5,0.63269,0.8992,20.0
834,0.85,0.5,0.643240444444,0.9724,30.0
835,0.85,0.5,0.65068575,0.9968,40.0
836,0.85,0.5,0.63792976,0.9924,50.0
837,0.85,0.5,0.6386006,0.9996,100.0
838,0.85,0.5,0.642969973333,1.0,150.0
839,0.85,0.5,0.64320974,1.0,200.0
840,0.85,0.55,0.62744,0.8492,10.0
841,0.85,0.55,0.6195195,0.9312,20.0
842,0.85,0.55,0.632710666667,0.9744,30.0
843,0.85,0.55,0.613652875,0.9808,40.0
844,0.85,0.55,0.6272872,0.9864,50.0
845,0.85,0.55,0.6260041,0.9996,100.0
846,0.85,0.55,0.5,0.5,150.0
847,0.85,0.55,0.628780845,1.0,200.0
848,0.85,0.6,0.562868,0.6596,10.0
849,0.85,0.6,0.612212,0.8604,20.0
850,0.85,0.6,0.602570222222,0.9004,30.0
851,0.85,0.6,0.604398,0.9876,40.0
852,0.85,0.6,0.61716928,0.9884,50.0
853,0.85,0.6,0.59439776,0.996,100.0
854,0.85,0.6,0.612337084444,1.0,150.0
855,0.85,0.6,0.602922545,1.0,200.0
856,0.85,0.65,0.484736,0.4664,10.0
857,0.85,0.65,0.569053,0.7796,20.0
858,0.85,0.65,0.516495777778,0.6072,30.0
859,0.85,0.65,0.587902375,0.9088,40.0
860,0.85,0.65,0.56673184,0.874,50.0
861,0.85,0.65,0.58439272,0.9912,100.0
862,0.85,0.65,0.589537546667,1.0,150.0
863,0.85,0.65,0.58417558,1.0,200.0
864,0.85,0.7,0.550064,0.618,10.0
865,0.85,0.7,0.579642,0.8044,20.0
866,0.85,0.7,0.566716444444,0.8528,30.0
867,0.85,0.7,0.500992875,0.5046,40.0
868,0.85,0.7,0.566738,0.926,50.0
869,0.85,0.7,0.56558752,0.9668,100.0
870,0.85,0.7,0.563790631111,0.996,150.0
871,0.85,0.7,0.560787655,0.9972,200.0
872,0.85,0.75,0.550028,0.672,10.0
873,0.85,0.75,0.522266,0.574,20.0
874,0.85,0.75,0.528375333333,0.6904,30.0
875,0.85,0.75,0.53324025,0.7172,40.0
876,0.85,0.75,0.5391356,0.732,50.0
877,0.85,0.75,0.53212696,0.8344,100.0
878,0.85,0.75,0.536433697778,0.9012,150.0
879,0.85,0.75,0.54001748,0.9468,200.0
